/* Question 1 */
 nointerv | piecesremp
----------+------------
     1043 |     125.19
     1044 |     153.37
     1045 |      20.99
     1046 |     200.20
     1047 |     116.78
     1048 |      14.94
     1049 |      75.20
     1050 |     153.37
     1051 |      71.07
     1052 |      61.05
(10 lignes)

/* Question 2 */
 nofacture | maindoeuvre
-----------+-------------
      1001 |      20.15
      1002 |      60.45
      1003 |      20.15
      1005 |      40.3
      1006 |      10.075
      1007 |      69.53
      1008 |      48.7
      1009 |      30.12
      1010 |      30.225
      1011 |      115.6
(10 lignes)

/* Question 3 */
 nofacture | piecesremplacees
-----------+------------------
      1005 |           125.19
      1006 |           153.37
      1007 |           221.19
      1008 |           116.78
      1009 |            14.94
      1010 |            75.20
      1011 |           285.49
(7 lignes)

/* Question 4 */
 nofacture |   sum
-----------+---------
      1001 |       20.15
      1002 |       60.45
      1003 |       20.15
      1005 |      165.49
      1006 |      163.445
      1007 |      290.72
      1008 |      165.48
      1009 |      45.06
      1010 |      105.425
      1011 |      401.09
(10 lignes)
